14825.001572524146
14600.92516545531
14564.637780461744
14495.11501096785
14514.389722145866
14431.012864786777
14401.908596203613
14339.51797560371
14330.07492815455
14307.0953977131
14308.726573750879
14189.576456075281
14239.105561328899
14202.978864334831
14165.141747497226
14149.847666003101
14191.040514900815
14160.682581286237
14140.28907428222
14060.331955363206
14059.872953354577
14023.166594830118
14035.697357045638
13968.39081048414
14019.515053765746
14014.689858536574
13948.754120786843
13985.916070181975
13883.021498364851
13969.181413008038
13952.595206252565
13924.042426511352
13854.636438184572
13873.37196607163
13848.46095341321
13883.10262680255
13851.528664053689
13855.62287891177
13858.837395131824
13802.526183770065
13794.799239240354
13763.322620314468
13773.440546935914
13792.330233342765
13744.39343592438
13779.084748174799
13704.211435854828
13706.279009370119
13691.844041686632
13704.104522131733
13692.834988137227
13684.974429663602
13637.340342037973
13677.371572018777
13612.381970525692
13595.038316888747
13585.36938175565
13568.719974521313
13569.333340843965
13569.783677971574
13547.421310016685
13525.91713166896
13513.655501853613
13526.11441802663
13505.33795898667
13503.584223968493
13520.42250531925
13501.581177631433
13489.84066130111
13475.192795088442
13471.45715967036
13454.65228898733
13457.204801607393
13452.883874969339
13391.173317699828
13439.355927561825
13425.075182560946
13410.35048876734
13410.866486675104
13403.443700702865
13370.128034868261
13389.260850026125
13373.890149100713
13356.380865089517
13342.493040662303
13338.157962466137
13336.589260542321
13314.145060958885
13318.623525473738
13308.828366384307
13284.873619491416
13268.729376851763
13265.530755781234
13276.971569354992
13264.776139939931
13256.077853834462
13252.035197497275
13218.27770553141
13256.724055902181
13237.940266781725
13237.985626946123
13218.934124083195
13215.193600596174
13183.46117461511
13201.310903375985
13190.555453606345
13186.405974972644
13183.49869533078
13161.624993541485
